0 2
1 1
2 6
3 7
4 56
5 18
6 15
7 16
0 1
1 55
2 5
3 4
4 2
5 3
6 22
7 7
0 1
1 11
2 40
3 24
4 38
5 32
6 31
7 17
0 6
1 28
2 44
3 4
4 18
5 23
6 9
7 5
0 1
1 13
2 2
3 3
4 4
5 15
6 5
7 6
0 4
1 1
2 3
3 17
4 5
5 22
6 2
7 16
0 3
1 1
2 28
3 2
4 19
5 4
6 9
7 7
0 3
1 1
2 20
3 13
4 2
5 23
6 24
7 32
0 1
1 2
2 10
3 3
4 4
5 5
6 6
7 7
0 15
1 11
2 16
3 19
4 10
5 3
6 68
7 14
0 5
1 24
2 4
3 87
4 105
5 27
6 16
7 1
0 1
1 6
2 11
3 13
4 15
5 18
6 21
7 12
0 1
1 17
2 20
3 88
4 27
5 37
6 4
7 3
0 3
1 2
2 44
3 86
4 97
5 5
6 67
7 4
0 1
1 8
2 130
3 80
4 13
5 23
6 4
7 2
0 1
1 3
2 21
3 4
4 2
5 6
6 13
7 19
0 1
1 5
2 2
3 3
4 17
5 7
6 10
7 4
0 3
1 4
2 2
3 17
4 51
5 6
6 11
7 14
0 1
1 10
2 15
3 8
4 18
5 14
6 9
7 2
0 3
1 6
2 17
3 18
4 9
5 2
6 20
7 56
0 42
1 5
2 1
3 23
4 9
5 2
6 3
7 25
0 2
1 1
2 13
3 50
4 5
5 7
6 42
7 30
0 1
1 12
2 2
3 8
4 18
5 5
6 61
7 3
0 2
1 20
2 3
3 15
4 1
5 37
6 7
7 87
0 3
1 2
2 4
3 1
4 22
5 8
6 26
7 11
0 4
1 1
2 2
3 6
4 43
5 12
6 10
7 28
0 9
1 1
2 2
3 8
4 11
5 15
6 5
7 3
0 6
1 10
2 51
3 14
4 2
5 62
6 1
7 21
0 49
1 60
2 1
3 4
4 10
5 11
6 28
7 84
0 1
1 8
2 6
3 44
4 5
5 74
6 12
7 37
0 2
1 1
2 17
3 6
4 16
5 7
6 38
7 4
0 1
1 2
2 26
3 3
4 8
5 54
6 15
7 4
0 14
1 1
2 4
3 3
4 42
5 49
6 64
7 18
0 1
1 2
2 3
3 73
4 11
5 4
6 16
7 13
0 4
1 6
2 1
3 2
4 28
5 31
6 21
7 7
0 3
1 8
2 6
3 1
4 2
5 20
6 11
7 15
0 3
1 23
2 10
3 40
4 46
5 31
6 56
7 55
0 1
1 2
2 24
3 82
4 58
5 23
6 81
7 10
0 10
1 6
2 8
3 18
4 17
5 20
6 3
7 24
0 41
1 10
2 82
3 38
4 19
5 17
6 34
7 31
0 1
1 50
2 15
3 71
4 78
5 81
6 61
7 51
0 6
1 16
2 3
3 2
4 5
5 9
6 14
7 1
0 8
1 34
2 4
3 10
4 18
5 23
6 6
7 12
0 7
1 1
2 75
3 8
4 10
5 3
6 2
7 65
0 1
1 2
2 3
3 4
4 10
5 6
6 13
7 20
0 6
1 11
2 2
3 5
4 14
5 4
6 49
7 17
0 2
1 8
2 4
3 28
4 10
5 1
6 38
7 36
0 1
1 2
2 3
3 4
4 30
5 5
6 22
7 6
0 1
1 2
2 3
3 4
4 5
5 6
6 7
7 8
0 1
1 11
2 2
3 30
4 3
5 33
6 24
7 12
0 2
1 6
2 13
3 52
4 21
5 17
6 11
7 26
0 7
1 2
2 26
3 1
4 31
5 15
6 51
7 29
0 27
1 1
2 2
3 32
4 3
5 7
6 4
7 5
0 1
1 2
2 52
3 3
4 4
5 5
6 60
7 6
0 29
1 9
2 19
3 52
4 31
5 3
6 18
7 5
0 2
1 7
2 1
3 21
4 38
5 45
6 22
7 11
0 7
1 43
2 1
3 6
4 26
5 8
6 69
7 11
0 1
1 2
2 13
3 5
4 17
5 4
6 31
7 62
0 3
1 1
2 56
3 4
4 2
5 34
6 11
7 36
0 9
1 6
2 1
3 15
4 17
5 3
6 5
7 16
0 1
1 66
2 3
3 11
4 34
5 22
6 6
7 5
0 21
1 1
2 3
3 2
4 5
5 12
6 40
7 8
0 5
1 3
2 62
3 18
4 2
5 21
6 11
7 12
0 2
1 5
2 1
3 4
4 9
5 27
6 40
7 33
0 1
1 3
2 5
3 33
4 2
5 4
6 16
7 9
0 1
1 3
2 66
3 42
4 20
5 4
6 13
7 2
0 1
1 2
2 3
3 4
4 6
5 5
6 7
7 8
0 1
1 2
2 3
3 5
4 9
5 4
6 10
7 8
0 20
1 2
2 39
3 1
4 9
5 22
6 5
7 7
0 3
1 2
2 13
3 1
4 10
5 12
6 41
7 6
0 12
1 16
2 80
3 10
4 1
5 22
6 2
7 3
0 11
1 19
2 17
3 8
4 44
5 67
6 12
7 3
0 54
1 3
2 10
3 34
4 12
5 28
6 6
7 45
0 13
1 3
2 10
3 66
4 22
5 1
6 67
7 2
0 12
1 11
2 50
3 2
4 31
5 19
6 25
7 10
0 30
1 40
2 19
3 36
4 4
5 1
6 24
7 6
0 12
1 1
2 8
3 39
4 13
5 38
6 29
7 17
0 1
1 2
2 3
3 4
4 5
5 6
6 7
7 8
0 1
1 27
2 7
3 5
4 2
5 25
6 6
7 15
0 1
1 10
2 5
3 4
4 11
5 18
6 37
7 2
0 1
1 2
2 3
3 4
4 5
5 6
6 7
7 8
0 1
1 4
2 2
3 3
4 5
5 6
6 9
7 13
0 1
1 2
2 3
3 42
4 7
5 4
6 5
7 38
0 124
1 86
2 49
3 125
4 1
5 67
6 56
7 7
0 8
1 5
2 15
3 1
4 3
5 30
6 36
7 100
0 1
1 14
2 2
3 12
4 155
5 4
6 10
7 3
0 6
1 156
2 1
3 12
4 2
5 78
6 32
7 116
0 1
1 2
2 5
3 35
4 10
5 143
6 20
7 8
0 1
1 3
2 20
3 13
4 11
5 32
6 84
7 143
0 9
1 35
2 6
3 25
4 54
5 2
6 11
7 1
0 4
1 1
2 45
3 2
4 6
5 5
6 3
7 43
0 11
1 44
2 1
3 7
4 26
5 5
6 15
7 18
0 2
1 29
2 1
3 7
4 3
5 4
6 5
7 6
0 1
1 4
2 5
3 3
4 2
5 66
6 16
7 80
0 1
1 2
2 3
3 72
4 15
5 6
6 63
7 26
0 6
1 1
2 3
3 12
4 13
5 2
6 16
7 4
0 27
1 4
2 7
3 1
4 2
5 3
6 5
7 6
0 2
1 98
2 25
3 68
4 36
5 46
6 67
7 31
0 2
1 7
2 1
3 37
4 42
5 23
6 3
7 68
0 12
1 1
2 7
3 2
4 25
5 15
6 45
7 16
