0 1
1 2
2 16
3 7
4 3
5 38
6 4
7 39
0 1
1 2
2 8
3 3
4 5
5 4
6 9
7 28
0 1
1 51
2 2
3 11
4 24
5 20
6 3
7 9
0 2
1 25
2 1
3 4
4 18
5 31
6 3
7 54
0 6
1 1
2 11
3 2
4 13
5 3
6 4
7 5
0 1
1 18
2 2
3 16
4 3
5 4
6 8
7 25
0 2
1 1
2 6
3 3
4 11
5 7
6 4
7 31
0 2
1 1
2 13
3 3
4 15
5 4
6 12
7 17
0 1
1 2
2 14
3 3
4 4
5 5
6 6
7 7
0 11
1 63
2 2
3 1
4 15
5 31
6 26
7 3
0 1
1 4
2 5
3 16
4 7
5 75
6 2
7 3
0 22
1 27
2 5
3 38
4 41
5 6
6 1
7 13
0 1
1 20
2 77
3 2
4 16
5 17
6 3
7 18
0 2
1 8
2 3
3 10
4 1
5 39
6 21
7 6
0 1
1 2
2 4
3 24
4 3
5 9
6 5
7 7
0 1
1 2
2 4
3 11
4 3
5 20
6 27
7 15
0 1
1 2
2 3
3 4
4 5
5 6
6 7
7 8
0 1
1 2
2 3
3 13
4 6
5 4
6 5
7 22
0 1
1 6
2 3
3 4
4 21
5 12
6 34
7 2
0 1
1 2
2 3
3 5
4 4
5 7
6 6
7 12
0 1
1 2
2 3
3 13
4 4
5 5
6 10
7 9
0 2
1 1
2 5
3 4
4 3
5 23
6 50
7 11
0 1
1 12
2 2
3 3
4 4
5 5
6 6
7 7
0 1
1 2
2 3
3 44
4 4
5 5
6 6
7 19
0 4
1 1
2 3
3 2
4 5
5 6
6 7
7 8
0 2
1 1
2 6
3 11
4 15
5 3
6 7
7 4
0 1
1 2
2 3
3 4
4 5
5 7
6 6
7 17
0 1
1 4
2 11
3 2
4 3
5 30
6 7
7 8
0 2
1 1
2 8
3 3
4 7
5 21
6 4
7 13
0 10
1 8
2 22
3 2
4 1
5 29
6 19
7 21
0 1
1 2
2 13
3 4
4 3
5 12
6 8
7 19
0 2
1 11
2 1
3 3
4 13
5 6
6 4
7 8
0 2
1 1
2 4
3 17
4 8
5 24
6 36
7 5
0 1
1 2
2 3
3 4
4 31
5 66
6 5
7 41
0 1
1 21
2 2
3 3
4 4
5 5
6 15
7 12
0 1
1 2
2 3
3 12
4 6
5 7
6 5
7 9
0 1
1 63
2 2
3 23
4 14
5 20
6 24
7 3
0 1
1 2
2 3
3 43
4 5
5 4
6 24
7 26
0 1
1 2
2 4
3 3
4 9
5 5
6 6
7 16
0 3
1 9
2 1
3 47
4 57
5 28
6 7
7 14
0 67
1 14
2 3
3 21
4 32
5 6
6 24
7 1
0 1
1 3
2 2
3 4
4 12
5 5
6 6
7 9
0 1
1 7
2 3
3 2
4 17
5 4
6 28
7 5
0 3
1 33
2 8
3 4
4 1
5 2
6 16
7 12
0 2
1 5
2 1
3 3
4 13
5 4
6 10
7 11
0 1
1 6
2 4
3 2
4 12
5 3
6 24
7 27
0 1
1 2
2 6
3 5
4 12
5 3
6 4
7 10
0 1
1 2
2 5
3 3
4 4
5 9
6 6
7 7
0 1
1 12
2 2
3 3
4 4
5 5
6 6
7 15
0 1
1 2
2 3
3 4
4 5
5 12
6 9
7 6
0 1
1 28
2 13
3 2
4 19
5 6
6 3
7 16
0 1
1 2
2 3
3 4
4 5
5 6
6 7
7 8
0 1
1 2
2 6
3 12
4 3
5 4
6 5
7 20
0 1
1 2
2 10
3 9
4 4
5 3
6 5
7 33
0 1
1 2
2 5
3 10
4 3
5 18
6 4
7 12
0 6
1 1
2 2
3 14
4 12
5 3
6 4
7 9
0 4
1 1
2 5
3 21
4 17
5 41
6 3
7 2
0 1
1 2
2 29
3 25
4 37
5 4
6 3
7 9
0 1
1 3
2 2
3 4
4 5
5 63
6 52
7 22
0 1
1 2
2 3
3 6
4 20
5 14
6 17
7 4
0 1
1 19
2 15
3 3
4 8
5 14
6 17
7 2
0 1
1 2
2 3
3 21
4 8
5 15
6 24
7 10
0 8
1 1
2 27
3 25
4 2
5 3
6 22
7 4
0 2
1 1
2 3
3 5
4 4
5 6
6 7
7 10
0 1
1 2
2 3
3 4
4 20
5 5
6 12
7 9
0 1
1 2
2 3
3 4
4 5
5 8
6 19
7 7
0 1
1 2
2 3
3 4
4 5
5 6
6 14
7 18
0 1
1 2
2 3
3 4
4 5
5 7
6 6
7 8
0 2
1 1
2 6
3 3
4 9
5 4
6 8
7 5
0 1
1 2
2 3
3 6
4 5
5 4
6 13
7 10
0 75
1 9
2 1
3 2
4 72
5 3
6 4
7 5
0 1
1 2
2 3
3 4
4 5
5 6
6 7
7 8
0 45
1 1
2 3
3 4
4 36
5 28
6 79
7 2
0 1
1 2
2 3
3 7
4 38
5 17
6 4
7 13
0 23
1 34
2 6
3 1
4 12
5 9
6 11
7 2
0 6
1 1
2 53
3 86
4 30
5 68
6 4
7 2
0 57
1 2
2 13
3 14
4 1
5 3
6 8
7 47
0 1
1 38
2 3
3 7
4 2
5 9
6 12
7 92
0 1
1 2
2 3
3 4
4 5
5 6
6 7
7 15
0 1
1 7
2 5
3 2
4 3
5 4
6 6
7 9
0 1
1 2
2 3
3 5
4 6
5 4
6 7
7 8
0 3
1 2
2 1
3 5
4 4
5 7
6 17
7 6
0 2
1 9
2 3
3 1
4 5
5 6
6 4
7 7
0 1
1 45
2 6
3 2
4 3
5 9
6 4
7 5
0 1
1 8
2 2
3 3
4 5
5 4
6 43
7 65
0 1
1 18
2 2
3 3
4 10
5 19
6 4
7 5
0 1
1 2
2 15
3 3
4 25
5 76
6 91
7 4
0 1
1 2
2 51
3 3
4 16
5 38
6 7
7 13
0 1
1 3
2 12
3 4
4 5
5 27
6 2
7 6
0 1
1 4
2 2
3 3
4 5
5 8
6 6
7 7
0 1
1 3
2 2
3 6
4 5
5 4
6 119
7 13
0 58
1 1
2 38
3 6
4 2
5 9
6 3
7 4
0 1
1 2
2 6
3 5
4 3
5 4
6 63
7 13
0 3
1 1
2 2
3 4
4 5
5 6
6 8
7 15
0 1
1 2
2 3
3 4
4 5
5 6
6 12
7 25
0 3
1 1
2 4
3 2
4 5
5 7
6 9
7 6
0 2
1 1
2 3
3 12
4 4
5 5
6 6
7 50
0 1
1 2
2 22
3 20
4 7
5 11
6 3
7 28
0 1
1 7
2 2
3 6
4 3
5 5
6 9
7 4
0 2
1 1
2 12
3 74
4 3
5 6
6 4
7 44
